['start', 'NN', 'PSP', 'SYM', 'JJ', 'VM', 'XC', 'NNP', 'QC', 'VAUX', 'PRP', 'CC', 'RP', 'DEM', 'NST', 'QF', 'RB', 'QO', 'INTF', 'NEG', 'RDP', 'WQ', 'INJ']
3
12.95601 16.49120 18.34041 21.50140 23.72481 26.88580 29.10920 32.27020 34.49360 37.65459 
inf 15.60245 19.13764 20.98685 24.14785 26.37125 29.53224 31.75565 34.91664 37.14004 
inf 17.97091 20.32268 23.35531 25.70708 28.73971 31.09148 34.12410 36.47587 39.50850 
inf 18.15650 19.63764 23.17283 25.02204 28.18303 30.40644 33.56743 35.79084 38.95183 
inf 17.19692 20.73211 22.58132 25.74231 27.96572 31.12671 33.35012 36.51111 38.73451 
inf 19.28821 20.76920 24.30439 26.15360 29.31459 31.53800 34.69899 36.92239 40.08339 
inf 20.06830 20.90753 24.24474 26.29192 29.45292 31.67632 34.83731 37.06072 40.22171 
inf 19.29214 20.84031 24.37550 26.22471 29.38570 31.60910 34.77010 36.99350 40.15450 
inf 23.30895 21.59249 25.12768 26.97689 30.13788 32.36128 35.52228 37.74568 40.90668 
inf 21.06498 22.41167 25.94686 27.79607 30.95706 33.18047 36.34146 38.56487 41.72586 
inf 19.95967 23.49486 25.34407 28.50506 30.72847 33.88946 36.11287 39.27386 41.49726 
inf 21.80805 24.65396 27.19244 30.03836 32.57684 35.42275 37.96124 40.80715 43.34564 
inf 23.66868 25.04469 28.57988 30.42909 33.59008 35.81349 38.97448 41.19788 44.35888 
inf 23.79410 23.92663 27.46182 29.31103 32.47203 34.69543 37.85642 40.07983 43.24082 
inf 24.28751 25.23469 28.76988 30.61909 33.78008 36.00349 39.16448 41.38789 44.54888 
inf 25.10057 27.08321 30.48497 32.46760 35.62860 37.85200 41.01299 43.23640 46.39739 
inf 26.71572 26.48264 30.01782 31.86703 35.02803 37.25143 40.41243 42.63583 45.79682 
inf 25.98717 26.55895 30.09413 31.94334 35.10434 37.32774 40.48873 42.71214 45.87313 
inf 25.51290 28.96571 30.89730 34.05829 36.28169 39.44269 41.66609 44.82708 47.05049 
inf 28.06910 28.59189 30.94366 33.97628 36.32806 39.36068 41.71245 44.74508 47.09685 
inf 29.65416 32.73161 35.03856 38.11601 40.42296 43.50041 45.80735 48.88480 51.19175 
inf inf 38.57442 40.92619 43.95881 46.31058 49.34321 51.69498 54.72761 57.07938 

0.0 0.0 1.0 3.0 1.0 1.0 1.0 1.0 1.0 1.0 
0.0 0.0 0.0 0.0 0.0 0.0 0.0 0.0 0.0 0.0 
0.0 0.0 4.0 0.0 4.0 0.0 4.0 0.0 4.0 0.0 
0.0 0.0 1.0 1.0 1.0 1.0 1.0 1.0 1.0 1.0 
0.0 0.0 0.0 0.0 0.0 0.0 0.0 0.0 0.0 0.0 
0.0 0.0 1.0 1.0 1.0 1.0 1.0 1.0 1.0 1.0 
0.0 0.0 1.0 5.0 1.0 1.0 1.0 1.0 1.0 1.0 
0.0 0.0 1.0 1.0 1.0 1.0 1.0 1.0 1.0 1.0 
0.0 0.0 4.0 4.0 4.0 4.0 4.0 4.0 4.0 4.0 
0.0 0.0 1.0 1.0 1.0 1.0 1.0 1.0 1.0 1.0 
0.0 0.0 0.0 0.0 0.0 0.0 0.0 0.0 0.0 0.0 
0.0 0.0 1.0 0.0 1.0 0.0 1.0 0.0 1.0 0.0 
0.0 0.0 1.0 1.0 1.0 1.0 1.0 1.0 1.0 1.0 
0.0 0.0 1.0 1.0 1.0 1.0 1.0 1.0 1.0 1.0 
0.0 0.0 1.0 1.0 1.0 1.0 1.0 1.0 1.0 1.0 
0.0 0.0 1.0 0.0 1.0 1.0 1.0 1.0 1.0 1.0 
0.0 0.0 1.0 1.0 1.0 1.0 1.0 1.0 1.0 1.0 
0.0 0.0 1.0 1.0 1.0 1.0 1.0 1.0 1.0 1.0 
0.0 0.0 1.0 0.0 0.0 0.0 0.0 0.0 0.0 0.0 
0.0 0.0 2.0 2.0 2.0 2.0 2.0 2.0 2.0 2.0 
0.0 0.0 1.0 0.0 1.0 0.0 1.0 0.0 1.0 0.0 
0.0 0.0 2.0 2.0 2.0 2.0 2.0 2.0 2.0 2.0 
[0 0 1 0 1 0 1 0 4 2]
['NN', 'NN', 'PSP', 'NN', 'PSP', 'NN', 'PSP', 'NN', 'VM', 'SYM']
NN QC PSP VM JJ NN PSP NN VM SYM
