Running
Test max accuracy: 0.85209
[[19725   443   270   768   285  1127   559   161   117   102    67    42
     28    41    11    10     7     2     4    11     1     0]
 [   17 16260     6   338     6    23     2     5     1     2    20     9
      0    16     0     0     0     0     0     0     0     0]
 [    0     0  9630     0     0     4     0     0     0     0     0     3
      0     0     0     0     0     0     0     0     0     0]
 [  618   163    54  7243    89   353   119    58    39    32    19     9
      7    51     1     6     7     9     2     5     0     0]
 [  178   142    35    48  6984    53    33    15   332    10     4    12
      2     2     1     0     4     0     1     0     0     1]
 [ 1289   226   155   286   138  4074   366    77    54    40    43    21
     19    28    12     4    13     1     5     5     3     0]
 [  766   138    89   192   109   516  4649    54    39    27    18    18
     13    11     5     1     2     2     2     0     2     0]
 [   43    37    21    11    32    24    10  5033     8     4     1     7
      1     1     0     0     4     1     0     1     0     0]
 [   16    22     5     6  1909    18     9     7  1701     0     1     2
      0     0     0     0     0     0     0     0     0     0]
 [   10     4     0     1     6     3     0     0     3  2773     1     1
    298     1     7     0     0     0     0     1     0     0]
 [    6     6     2     2     2     5     2     2     0     3  2291     0
      0     0     0     0     0     0     0     0     0     0]
 [    2     4     5     0     2     4     0     0     0     1    23   961
      0     0     0     0     0     0     0     0     0     0]
 [    0     3     0     0     0     4     1     0     0    21     0     1
    868     0     0     0     0     0     0     1     0     0]
 [    1     1     0     1     0     3     0     0     0     0     0     0
      0   781     0     0     0     0     0     0     0     0]
 [    1     1     1     0     2     2     1     0     1     0     1     0
      0     0   498     0     0     1     0     0     0     0]
 [    1     0     0     3     0     0     0     0     0     9     0     8
      0     0     0   230     0     1     0     0     0     0]
 [    1     0     0     1     0     0     1     0     0     2     0     0
      0     0     0     0   207     0     0     0     0     0]
 [    0     0     0     9     0     0     0     0     0     0     1     0
      0     0    31     0     0   189     0     0     0     0]
 [    0     0     0     1     0     0     0     0     0     0     0     0
      0     0     0     0     0     0   119     0     0     0]
 [   12     4     1    14     3    17     3     2     0    11     5     2
      0    13     0     1     0     0     0    28     0     0]
 [    1     1     1     0     0     0     0     0     1     0     0     0
      0     0     0     0     0     0     0     0    24     0]
 [    0     0     0     0     0     0     0     0     0     0     0     0
      0     0     0     0     0     0     0     0     0     0]]
