17777 121 24 413 384 589 1293 66 205 170 29 113 232 346 207 169 294 493 171 324 24 337 
7 16326 1 154 57 25 6 2 24 4 3 9 7 23 2 2 14 14 1 4 2 18 
2 4 9526 0 3 31 37 1 3 1 0 1 1 0 0 0 3 5 0 14 0 5 
231 69 13 6814 117 304 69 11 68 41 10 44 232 66 89 13 177 137 70 152 11 146 
69 37 2 32 6939 44 66 4 285 13 4 35 33 58 37 19 43 49 30 11 3 44 
447 109 19 166 166 3888 251 28 86 51 18 19 273 39 98 15 191 171 27 178 18 601 
331 36 3 79 91 298 5034 10 70 62 9 17 128 39 57 31 80 78 18 53 4 125 
11 5 3 1 2 10 3 5156 1 2 1 4 3 0 2 4 9 4 0 11 0 7 
4 3 10 1 154 13 15 0 3453 1 1 0 5 1 6 3 5 5 3 2 1 10 
12 12 1 5 6 8 5 1 8 2938 2 2 57 0 12 2 5 11 6 4 0 12 
1 12 0 1 2 16 1 0 3 5 2221 7 4 1 4 0 7 5 2 10 0 19 
2 6 0 0 7 12 16 0 2 1 8 921 3 1 1 10 1 3 0 3 1 4 
1 1 0 0 0 4 0 0 0 91 0 1 785 0 0 1 0 3 2 5 0 5 
1 1 0 7 1 7 3 0 0 0 1 0 1 764 0 0 0 0 0 1 0 0 
1 1 2 1 1 1 0 0 1 1 1 0 1 1 480 0 2 11 1 1 0 2 
2 1 0 4 1 1 2 0 1 7 0 4 4 0 0 209 1 7 4 2 0 2 
0 1 0 3 1 3 2 2 0 1 1 0 1 0 1 0 196 0 0 0 0 0 
0 0 0 1 2 0 0 0 0 0 1 0 0 0 6 0 1 218 0 0 0 1 
0 0 1 1 0 0 1 0 0 0 1 0 1 0 0 0 1 3 109 1 0 1 
5 0 0 8 0 11 4 2 0 5 0 1 1 6 0 0 0 0 1 71 0 1 
0 0 0 4 2 2 0 0 0 1 2 0 2 1 0 0 1 0 2 0 10 1 
0 0 0 0 0 0 0 0 0 0 0 0 0 0 0 0 0 0 0 0 0 0 
