
हेडली को 2009 में पाकिस्तान जाते हुए शिकागो के अंतर्राष्ट्रीय हवाईअड्डे पर गिरफ्तार कर लिया गया और मुंबई हमलों में भूमिका सिद्ध करने के लिये मुकदमा चलाया गया . 
हेडल क 2009 म पाकिस्तान ज हुए शिकाग क अंतर्राष्ट्रीय हवाईअड्ड पर गिरफ्तार कर लिय गय और मुंबई हमल म भूमिक सिद्ध कर क लिय मुकदम चल गय . 

फ़िल्म के छायांकन के लिए आइसलैंड और शिकागो के लोकेशन चुने गए , अन्य में पारंपरिक स्टंट और मिनिएचरों का सहयोग लिया गया जिसमें कंप्यूटर जेनेटिक इमैजनरी इफेक्ट्स का काम किया गया . 
फ़िल्म क े छायांकन क े ल िए आइसलैंड और शिकाग ो क े लोकेशन चु ने गए , अन्य म ें पारंपरिक स्टंट और मिनिएचर ों क ा सहयोग लिय ा गय ा जिसम ें कंप्यूटर जेनेटिक इमैजनर ी इफेक्ट्स क ा काम किय ा गय ा . 
33 49
NN PSP NN PSP VM VAUX CC XC PSP RP VM VAUX SYM JJ PSP JJ NN CC XC PSP NN VM VAUX PRP SINJ SINJ SINJ RDP PSP NN VM VAUX SYM 
1
Test Accuracy :  0.7272727272727273

Confusion Matrix : 
    0     0     0     0     0     0     0     0     0     0     0     0     0     0     0     0     1     0     0     0     0     0     0     0     0     0     0     0     0     0     0     0     0     0     0     0     0     0     0     0     0     0     0     0 
    0     0     0     0     0     0     0     0     0     0     0     0     0     0     0     0     0     0     0     0     0     0     0     0     0     0     0     0     0     0     0     0     0     0     0     0     0     0     0     0     0     0     0     0 
    0     0     6     0     0     1     0     0     0     0     0     0     0     0     0     0     0     0     0     0     0     0     0     0     0     0     0     0     0     0     0     0     0     0     0     0     0     0     0     0     0     0     0     0 
    0     0     0     0     0     0     0     0     0     0     0     0     0     0     0     0     0     0     0     0     0     0     0     0     0     0     0     0     0     0     0     0     0     0     0     0     0     0     0     0     0     0     0     0 
    0     0     0     0     0     0     0     0     0     0     0     0     0     0     0     0     0     0     0     0     0     0     0     0     0     0     0     0     0     0     0     0     0     0     0     0     0     0     0     0     0     0     0     0 
    0     0     0     0     0     3     0     0     0     0     0     0     0     0     0     0     0     0     0     0     0     0     0     0     0     0     0     0     0     0     0     0     0     0     0     0     0     0     0     0     0     0     0     0 
    0     0     0     0     0     0     0     0     0     0     0     0     0     0     0     0     0     0     0     0     0     0     0     0     0     0     0     0     0     0     0     0     0     0     0     0     0     0     0     0     0     0     0     0 
    0     0     0     0     0     0     0     3     0     0     0     0     0     0     0     0     0     0     0     0     0     0     0     0     0     0     0     0     0     0     0     0     0     0     0     0     0     0     0     0     0     0     0     0 
    0     0     0     0     0     0     0     1     5     0     0     0     0     0     2     0     0     0     0     0     0     0     0     1     0     0     0     0     0     0     0     0     0     0     0     0     0     0     0     0     0     0     1     0 
    0     0     0     0     0     0     0     0     0     0     0     0     0     0     0     0     0     0     0     0     0     0     0     0     0     0     0     0     0     0     0     0     0     0     0     0     0     0     0     0     0     0     0     0 
    0     0     0     0     0     0     0     0     0     0     2     0     0     0     0     0     0     0     0     0     0     0     0     0     0     0     0     0     0     0     0     0     0     0     0     0     0     0     0     0     0     0     1     0 
    0     0     0     0     0     0     0     0     0     0     0     0     0     0     0     0     0     0     0     0     0     0     0     0     0     0     0     0     0     0     0     0     0     0     0     0     0     0     0     0     0     0     0     0 
    0     0     0     0     0     0     0     0     0     0     0     0     2     0     0     0     0     0     0     0     0     0     0     0     0     0     0     0     0     0     0     0     0     0     0     0     0     0     0     0     0     0     0     0 
    0     0     0     0     0     0     0     0     0     0     0     0     0     2     0     0     0     0     0     0     0     0     0     0     0     0     0     0     0     0     0     0     0     0     0     0     0     0     0     0     0     0     0     0 
    0     0     0     0     0     0     0     0     0     0     0     0     0     0     0     0     0     0     0     0     0     0     0     0     0     0     0     0     0     0     0     0     0     0     0     0     0     0     0     0     0     0     1     0 
    0     0     0     0     0     0     0     0     0     0     0     0     0     0     0     0     0     0     0     0     0     0     0     0     0     0     0     0     0     0     0     0     0     0     0     0     0     0     0     0     0     0     0     0 
    0     0     0     0     0     0     0     0     0     0     0     0     0     0     0     0     0     0     0     0     0     0     0     0     0     0     0     0     0     0     0     0     0     0     0     0     0     0     0     0     0     0     0     0 
    0     0     0     0     0     0     0     0     0     0     0     0     0     0     0     0     0     0     0     0     0     0     0     0     0     0     0     0     0     0     0     0     0     0     0     0     0     0     0     0     0     0     0     0 
    0     0     0     0     0     0     0     0     0     0     0     0     0     0     0     0     0     0     0     0     0     0     0     0     0     0     0     0     0     0     0     0     0     0     0     0     0     0     0     0     0     0     0     0 
    0     0     0     0     0     0     0     0     0     0     0     0     0     0     0     0     0     0     0     0     0     0     0     0     0     0     0     0     0     0     0     0     0     0     0     0     0     0     0     0     0     0     0     0 
    0     0     0     0     0     0     0     0     0     0     0     0     0     0     0     0     0     0     0     0     0     0     0     0     0     0     0     0     0     0     0     0     0     0     0     0     0     0     0     0     0     0     0     0 
    0     0     0     0     0     0     0     0     0     0     0     0     0     0     0     0     0     0     0     0     0     1     0     0     0     0     0     0     0     0     0     0     0     0     0     0     0     0     0     0     0     0     0     0 
    0     0     0     0     0     0     0     0     0     0     0     0     0     0     0     0     0     0     0     0     0     0     0     0     0     0     0     0     0     0     0     0     0     0     0     0     0     0     0     0     0     0     0     0 
    0     0     0     0     0     0     0     0     0     0     0     0     0     0     0     0     0     0     0     0     0     0     0     0     0     0     0     0     0     0     0     0     0     0     0     0     0     0     0     0     0     0     0     0 
    0     0     0     0     0     0     0     0     0     0     0     0     0     0     0     0     0     0     0     0     0     0     0     0     0     0     0     0     0     0     0     0     0     0     0     0     0     0     0     0     0     0     0     0 
    0     0     0     0     0     0     0     0     0     0     0     0     0     0     0     0     0     0     0     0     0     0     0     0     0     0     0     0     0     0     0     0     0     0     0     0     0     0     0     0     0     0     0     0 
    0     0     0     0     0     0     0     0     0     0     0     0     0     0     0     0     0     0     0     0     0     0     0     0     0     0     0     0     0     0     0     0     0     0     0     0     0     0     0     0     0     0     0     0 
    0     0     0     0     0     0     0     0     0     0     0     0     0     0     0     0     0     0     0     0     0     0     0     0     0     0     0     0     0     0     0     0     0     0     0     0     0     0     0     0     0     0     0     0 
    0     0     0     0     0     0     0     0     0     0     0     0     0     0     0     0     0     0     0     0     0     0     0     0     0     0     0     0     0     0     0     0     0     0     0     0     0     0     0     0     0     0     0     0 
    0     0     0     0     0     0     0     0     0     0     0     0     0     0     0     0     0     0     0     0     0     0     0     0     0     0     0     0     0     0     0     0     0     0     0     0     0     0     0     0     0     0     0     0 
    0     0     0     0     0     0     0     0     0     0     0     0     0     0     0     0     0     0     0     0     0     0     0     0     0     0     0     0     0     0     0     0     0     0     0     0     0     0     0     0     0     0     0     0 
    0     0     0     0     0     0     0     0     0     0     0     0     0     0     0     0     0     0     0     0     0     0     0     0     0     0     0     0     0     0     0     0     0     0     0     0     0     0     0     0     0     0     0     0 
    0     0     0     0     0     0     0     0     0     0     0     0     0     0     0     0     0     0     0     0     0     0     0     0     0     0     0     0     0     0     0     0     0     0     0     0     0     0     0     0     0     0     0     0 
    0     0     0     0     0     0     0     0     0     0     0     0     0     0     0     0     0     0     0     0     0     0     0     0     0     0     0     0     0     0     0     0     0     0     0     0     0     0     0     0     0     0     0     0 
    0     0     0     0     0     0     0     0     0     0     0     0     0     0     0     0     0     0     0     0     0     0     0     0     0     0     0     0     0     0     0     0     0     0     0     0     0     0     0     0     0     0     0     0 
    0     0     0     0     0     0     0     0     0     0     0     0     0     0     0     0     0     0     0     0     0     0     0     0     0     0     0     0     0     0     0     0     0     0     0     0     0     0     0     0     0     0     0     0 
    0     0     0     0     0     0     0     0     0     0     0     0     0     0     0     0     0     0     0     0     0     0     0     0     0     0     0     0     0     0     0     0     0     0     0     0     0     0     0     0     0     0     0     0 
    0     0     0     0     0     0     0     0     0     0     0     0     0     0     0     0     0     0     0     0     0     0     0     0     0     0     0     0     0     0     0     0     0     0     0     0     0     0     0     0     0     0     0     0 
    0     0     0     0     0     0     0     0     0     0     0     0     0     0     0     0     0     0     0     0     0     0     0     0     0     0     0     0     0     0     0     0     0     0     0     0     0     0     0     0     0     0     0     0 
    0     0     0     0     0     0     0     0     0     0     0     0     0     0     0     0     0     0     0     0     0     0     0     0     0     0     0     0     0     0     0     0     0     0     0     0     0     0     0     0     0     0     0     0 
    0     0     0     0     0     0     0     0     0     0     0     0     0     0     0     0     0     0     0     0     0     0     0     0     0     0     0     0     0     0     0     0     0     0     0     0     0     0     0     0     0     0     0     0 
    0     0     0     0     0     0     0     0     0     0     0     0     0     0     0     0     0     0     0     0     0     0     0     0     0     0     0     0     0     0     0     0     0     0     0     0     0     0     0     0     0     0     0     0 
    0     0     0     0     0     0     0     0     0     0     0     0     0     0     0     0     0     0     0     0     0     0     0     0     0     0     0     0     0     0     0     0     0     0     0     0     0     0     0     0     0     0     0     0 
    0     0     0     0     0     0     0     0     0     0     0     0     0     0     0     0     0     0     0     0     0     0     0     0     0     0     0     0     0     0     0     0     0     0     0     0     0     0     0     0     0     0     0     0 

Recall for each tag : 
NNP  :  0
SNNP  :  0
PSP  :  0.8571428571428571
SPSP  :  0
QC  :  0
VM  :  1.0
SVM  :  0
VAUX  :  1.0
NN  :  0.5
SNN  :  0
JJ  :  0.6666666666666666
SVAUX  :  0
CC  :  1.0
SYM  :  1.0
XC  :  0
SXC  :  0
RDP  :  0
SJJ  :  0
DEM  :  0
INTF  :  0
SINTF  :  0
PRP  :  1.0
SPRP  :  0
RP  :  0
SRP  :  0
QF  :  0
SCC  :  0
SQC  :  0
NST  :  0
RB  :  0
SNST  :  0
SDEM  :  0
QO  :  0
SQO  :  0
SQF  :  0
NEG  :  0
SRB  :  0
SNEG  :  0
SRDP  :  0
WQ  :  0
SWQ  :  0
INJ  :  0
SINJ  :  0
SSYM  :  0

Precision for each tag : 
NNP  :  0
SNNP  :  0
PSP  :  1.0
SPSP  :  0
QC  :  0
VM  :  0.75
SVM  :  0
VAUX  :  0.75
NN  :  1.0
SNN  :  0
JJ  :  1.0
SVAUX  :  0
CC  :  1.0
SYM  :  1.0
XC  :  0
SXC  :  0
RDP  :  0
SJJ  :  0
DEM  :  0
INTF  :  0
SINTF  :  0
PRP  :  1.0
SPRP  :  0
RP  :  0
SRP  :  0
QF  :  0
SCC  :  0
SQC  :  0
NST  :  0
RB  :  0
SNST  :  0
SDEM  :  0
QO  :  0
SQO  :  0
SQF  :  0
NEG  :  0
SRB  :  0
SNEG  :  0
SRDP  :  0
WQ  :  0
SWQ  :  0
INJ  :  0
SINJ  :  0
SSYM  :  0

F-measure for each tag : 
NNP  :  0
SNNP  :  0
PSP  :  0.923076923076923
SPSP  :  0
QC  :  0
VM  :  0.8571428571428571
SVM  :  0
VAUX  :  0.8571428571428571
NN  :  0.6666666666666666
SNN  :  0
JJ  :  0.8
SVAUX  :  0
CC  :  1.0
SYM  :  1.0
XC  :  0
SXC  :  0
RDP  :  0
SJJ  :  0
DEM  :  0
INTF  :  0
SINTF  :  0
PRP  :  1.0
SPRP  :  0
RP  :  0
SRP  :  0
QF  :  0
SCC  :  0
SQC  :  0
NST  :  0
RB  :  0
SNST  :  0
SDEM  :  0
QO  :  0
SQO  :  0
SQF  :  0
NEG  :  0
SRB  :  0
SNEG  :  0
SRDP  :  0
WQ  :  0
SWQ  :  0
INJ  :  0
SINJ  :  0
SSYM  :  0

Micro Measures : 
Recall :  0.7272727272727273
Precision :  0.7272727272727273
F-measure :  0.7272727272727273

Macro Measures : 
Recall :  0.31926406926406925
Precision :  0.3409090909090909
F-measure :  0.32973174366616986
['सलेमपुर', 'तेरा', 'बांगर', 'कन्नौज', ',', 'कन्नौज', ',', 'उत्तर', 'प्रदेश', 'स्थित', 'एक', 'गांव', 'है', '.']
['QO', 'INTF', 'QF', 'NN', 'SYM', 'NN', 'SYM', 'XC', 'NNP', 'JJ', 'QC', 'NN', 'VM', 'SYM']
