
यह एशिया की सबसे बड़ी मस्जिदों में से एक है । 
यह एशिय क सबस बड़ मस्जिद म स एक है । 

Test Accuracy :  0.7793113180920124
27611 35430

Confusion Matrix : 
  402     0     0     0     0     0     0     0     0     0     0     0     1     0    43     0     0     0     4     0     0     3     0     0     0     0     0     0     0     0     0     0     0     0     0     0     0     0     1     0     0     0     0     0     0     0     0     0     0     0     7     0     0     0     0     0     0     0     0     0 
   39  1637     0    17     0     4     0    32     0   214     0   168    35     3    13     0    20     0    22     0     0    12     0   345     2     0     0     6     0     8     5     2     6     0     0    17     0     0     2    46     0     0     1     0     0     0     0    22     0     0   138     0     0     6     0     0     0     0    24     0 
    0     0     0     0     0     0     0     0     0     0     0     0     0     0     0     0     0     0     0     0     0     0     0     0     0     0     0     0     0     0     0     0     0     0     0     0     0     0     0     0     0     0     0     0     0     0     0     0     0     0     0     0     0     0     0     0     0     0     0     0 
    0     0     0  6297     0     0     0     5     0    68     0    13    58     0     2     0     2     0     7     0     0   662     0     4     0     0     0     9     0     0     0     0     0     0     0     3     0     0     0     2     0     0     0     0     0     0     0     8     0     0    37     0     0     0     0     0     0     0     5     0 
    0     0     0     0     0     0     0     0     0     0     0     0     0     0     0     0     0     0     0     0     0     0     0     0     0     0     0     0     0     0     0     0     0     0     0     0     0     0     0     0     0     0     0     0     0     0     0     0     0     0     0     0     0     0     0     0     0     0     0     0 
    0     0     0     0     0    21     0     0     0     0     0     0     0     0     0     0     0     0     0     0     0     1     0     0     0     0     0     0     0     0     4     0     0     0     0     0     0     0     0     0     0     0     0     0     0     0     0     0     0     0     0     0     0     0     0     0     0     0     0     0 
    0     0     0     0     0     0     0     0     0     0     0     0     0     0     0     0     0     0     0     0     0     0     0     0     0     0     0     0     0     0     0     0     0     0     0     0     0     0     0     0     0     0     0     0     0     0     0     0     0     0     0     0     0     0     0     0     0     0     0     0 
   11    31     0     7     0     8     0  1282     0    85     0    63    28     1     3     0    17     0     7     0     0     4     0    67     2     0     0     1     0     2     7    11     2     0     0    30     0     0     2    12     0     0     2     0     1     0     0     5     0     0   218     0     0    13     2     0     0     0     9     0 
    0     0     0     0     0     0     0     0     0     0     0     0     0     0     0     0     0     0     0     0     0     0     0     0     0     0     0     0     0     0     0     0     0     0     0     0     0     0     0     0     0     0     0     0     0     0     0     0     0     0     0     0     0     0     0     0     0     0     0     0 
   35   264     0    53     0    11     0   174     0  4982     0   376    71     0    11     0   199     0    35     0     0    19     0   287    14     0     0    24     0     5    37     6     7     0     0    81     0     0     1    53     0     0     5     0     3     0     0    27     0     0   331     0     0    14     5     3     0     0    48     0 
    0     0     0     0     0     0     0     0     0     0     0     0     0     0     0     0     0     0     0     0     0     0     0     0     0     0     0     0     0     0     0     0     0     0     0     0     0     0     0     0     0     0     0     0     0     0     0     0     0     0     0     0     0     0     0     0     0     0     0     0 
    4     7     0     6     0     2     0     1     0     5     0   471     7     0     1     0     0     0     2     0     0     2     0     3     0     0     0     1     0     0     2     0     0     0     0     4     0     0     0     0     0     0     0     0     0     0     0     1     0     0    73     0     0     1     0     0     0     0     0     0 
    5     0     0   163     0     0     0    12     0    20     0   120  2829     0     1     0     0     0   395     0     0     0     0     4     0     0     0     8     0     1     4     1     0     0     0    12     0     0     2     4     0     0     1     0     1     0     0     4     0     0    41     0     0     2     1     0     0     0    12     0 
    0     0     0     0     0     0     0     0     0     0     0     0     2  2403     1     0     0     0     0     0     0     0     0     0     0     0     0     0     0     0     0     0     0     0     0     0     0     0     1     0     0     0     0     0     0     0     0     0     0     0    10     0     0     0     0     0     0     0     3     0 
   81     1     0     0     0     1     0     0     0     0     0     0     2     0  1157     0     0     0    16     0     0    34     0     1     0     0     0     0     0     0    11     0     2     0     0     0     0     0     1     9     0     0     0     0     3     0     0     1     0     0    22     0     0     0     0     0     0     0     6     0 
    0     0     0     0     0     0     0     0     0     0     0     0     0     0     0     0     0     0     0     0     0     0     0     0     0     0     0     0     0     0     0     0     0     0     0     0     0     0     0     0     0     0     0     0     0     0     0     0     0     0     0     0     0     0     0     0     0     0     0     0 
    5     9     0    12     0     2     0    31     0   100     0    71    26     1     0     0   314     0    11     0     0     7     0   102     0     0     0     2     0     2     5     5     1     0     0     0     0     0     1    17     0     0     1     0     0     0     0     3     0     0   115     0     0     0     0     0     0     0     8     0 
    0     0     0     0     0     0     0     0     0     0     0     0     0     0     0     0     0     0     0     0     0     0     0     0     0     0     0     0     0     0     0     0     0     0     0     0     0     0     0     0     0     0     0     0     0     0     0     0     0     0     0     0     0     0     0     0     0     0     0     0 
    0     0     0     8     0     0     0     0     0     0     0     0    64     0     0     0     0     0  2138     0     0     0     0     0     0     0     0     0     0     0     0     0     0     0     0     0     0     0     0     0     0     0     0     0     0     0     0     0     0     0     5     0     0     0     0     0     0     0     1     0 
    0     0     0     0     0     0     0     0     0     0     0     0     0     0     0     0     0     0     0     0     0     0     0     0     0     0     0     0     0     0     0     0     0     0     0     0     0     0     0     0     0     0     0     0     0     0     0     0     0     0     0     0     0     0     0     0     0     0     0     0 
    0     0     0     0     0     0     0     0     0     0     0     0     0     0     0     0     0     0     0     0     0     0     0     0     0     0     0     0     0     0     0     0     0     0     0     0     0     0     0     0     0     0     0     0     0     0     0     0     0     0     0     0     0     0     0     0     0     0     0     0 
    0     0     0    41     0     0     0     0     0     0     0     0     0     0     2     0     0     0     0     0     0  1209     0     5     0     0     0     0     0     0     0     0     0     0     0     0     0     0     0     1     0     0     0     0     0     0     0     2     0     0    18     0     0     0     0     0     0     0    11     0 
    0     0     0     0     0     0     0     0     0     0     0     0     0     0     0     0     0     0     0     0     0     0     0     0     0     0     0     0     0     0     0     0     0     0     0     0     0     0     0     0     0     0     0     0     0     0     0     0     0     0     0     0     0     0     0     0     0     0     0     0 
    7    81     0    15     0     0     0    19     0    43     0    60    20     0     9     0    32     0     7     0     0     4     0  1008     0     0     0     7     0     3     4     3     1     0     0     4     0     0     0    21     0     0     0     0     2     0     0    16     0     0   209     0     0     2     0     0     0     0    15     0 
    0     1     0     0     0     0     0     6     0     4     0     5     3     0     0     0     0     0     0     0     0     1     0     3   446     0     0     1     0     0     0     0     0     0     0     0     0     0     0     0     0     0     0     0    20     0     0     1     0     0     8     0     0     1     0     0     0     0     0     0 
    0     0     0     0     0     0     0     0     0     0     0     0     0     0     0     0     0     0     0     0     0     0     0     0     0     0     0     0     0     0     0     0     0     0     0     0     0     0     0     0     0     0     0     0     0     0     0     0     0     0     0     0     0     0     0     0     0     0     0     0 
    0     0     0     0     0     0     0     0     0     0     0     0     0     0     0     0     0     0     0     0     0     0     0     0     0     0     0     0     0     0     0     0     0     0     0     0     0     0     0     0     0     0     0     0     0     0     0     0     0     0     0     0     0     0     0     0     0     0     0     0 
    0     0     0    24     0     0     0     0     0     1     0     0    44     0     0     0     0     0     6     0     0     6     0     5     0     0     0   387     0     0     0     0     0     0     0     0     0     0     2     1     0     0     0     0     0     0     0     0     0     0    11     0     0     0     0     0     0     0     0     0 
    0     0     0     0     0     0     0     0     0     0     0     0     0     0     0     0     0     0     0     0     0     0     0     0     0     0     0     0     0     0     0     0     0     0     0     0     0     0     0     0     0     0     0     0     0     0     0     0     0     0     0     0     0     0     0     0     0     0     0     0 
    0     2     0     0     0     0     0     0     0     0     0     0     0     0     0     0     0     0     0     0     0     0     0     0     0     0     0     0     0     0     0     0     0     0     0     0     0     0     0     0     0     0     0     0     0     0     0     0     0     0     0     0     0     0     0     0     0     0     0     0 
    1     0     0     0     0     3     0     0     0    14     0     0     7     0     3     0     1     0     0     0     0     7     0     0     0     0     0     0     0     0   234     0     1     0     0     0     0     0     0     0     0     0     0     0     0     0     0     0     0     0     8     0     0     0     0     0     0     0     1     0 
    0     0     0     0     0     0     0     4     0     5     0     1     4     0     0     0     4     0     2     0     0     0     0     3     0     0     0     0     0     0     0     8     0     0     0     0     0     0     0     2     0     0     0     0     0     0     0     0     0     0    15     0     0     0     0     0     0     0     0     0 
    0     0     0     0     0     0     0     0     0     0     0     0     0     0     5     0     0     0     0     0     0     0     0     0     0     0     0     0     0     0     0     1    13     0     0     0     0     0     0     0     0     0     0     0     0     0     0     0     0     0     2     0     0     0     0     0     0     0     0     0 
    0     0     0     0     0     0     0     0     0     0     0     0     0     0     0     0     0     0     0     0     0     0     0     0     0     0     0     0     0     0     0     0     0     0     0     0     0     0     0     0     0     0     0     0     0     0     0     0     0     0     0     0     0     0     0     0     0     0     0     0 
    0     0     0     0     0     0     0     0     0     0     0     0     0     0     0     0     0     0     0     0     0     0     0     0     0     0     0     0     0     0     0     0     0     0     0     0     0     0     0     0     0     0     0     0     0     0     0     0     0     0     0     0     0     0     0     0     0     0     0     0 
    0     0     0    15     0     0     0     0     0     0     0     0     0     0     0     0     0     0     0     0     0     0     0     1     0     0     0     0     0     0     0     0     0     0     0   173     0     0     0     0     0     0     0     0     0     0     0     0     0     0     1     0     0     0     0     0     0     0     0     0 
    0     0     0     0     0     0     0     0     0     0     0     0     0     0     0     0     0     0     0     0     0     0     0     0     0     0     0     0     0     0     0     0     0     0     0     0     0     0     0     0     0     0     0     0     0     0     0     0     0     0     0     0     0     0     0     0     0     0     0     0 
    0     0     0     0     0     0     0     0     0     0     0     0     0     0     0     0     0     0     0     0     0     0     0     0     0     0     0     0     0     0     0     0     0     0     0     0     0     0     0     0     0     0     0     0     0     0     0     0     0     0     0     0     0     0     0     0     0     0     0     0 
    0     1     0     2     0     2     0    16     0     2     0     7     2     0    13     0     0     0     1     0     0     0     0     4     0     0     0     5     0     0     1     0     0     0     0     3     0     0    65     0     0     0     0     0     0     0     0     1     0     0     9     0     0     0     0     0     0     0     1     0 
    0     0     0     1     0     0     0     0     0     2     0     0     1     0     1     0     0     0     0     0     0     0     0     0     0     0     0     0     0     0     0     0     1     0     0     0     0     0     0     8     0     0     0     0     0     0     0     0     0     0     2     0     0     0     0     0     0     0     0     0 
    0     0     0     0     0     0     0     0     0     0     0     0     0     0     0     0     0     0     0     0     0     0     0     0     0     0     0     0     0     0     0     0     0     0     0     0     0     0     0     0     0     0     0     0     0     0     0     0     0     0     0     0     0     0     0     0     0     0     0     0 
    0     0     0     0     0     0     0     0     0     0     0     0     0     0     0     0     0     0     0     0     0     0     0     0     0     0     0     0     0     0     0     0     0     0     0     0     0     0     0     0     0     0     0     0     0     0     0     0     0     0     0     0     0     0     0     0     0     0     0     0 
    0     0     0     0     0     0     0     0     0     0     0     0     0     0     0     0     0     0     0     0     0     0     0     0     0     0     0     0     0     0     0     0     0     0     0     0     0     0     0     0     0     0     0     0     0     0     0     0     0     0     1     0     0     0     0     0     0     0     0     0 
    0     0     0     0     0     0     0     0     0     0     0     0     0     0     0     0     0     0     0     0     0     0     0     0     0     0     0     0     0     0     0     0     0     0     0     0     0     0     0     0     0     0     0     0     0     0     0     0     0     0     0     0     0     0     0     0     0     0     0     0 
    2     1     0     0     0     0     0     0     0     0     0     0     0     0     0     0     0     0     0     0     0     0     0     1    16     0     0     0     0     0     0     0     0     0     0     0     0     0     0     0     0     0     0     0    29     0     0     0     0     0     8     0     0     0     0     0     0     0     0     0 
    0     0     0     0     0     0     0     0     0     0     0     0     0     0     0     0     0     0     0     0     0     0     0     0     0     0     0     0     0     0     0     0     0     0     0     0     0     0     0     0     0     0     0     0     0     0     0     0     0     0     0     0     0     0     0     0     0     0     0     0 
    0     0     0     0     0     0     0     0     0     0     0     0     0     0     0     0     0     0     0     0     0     0     0     0     0     0     0     0     0     0     0     0     0     0     0     0     0     0     0     0     0     0     0     0     0     0     0     0     0     0     0     0     0     0     0     0     0     0     0     0 
    0     0     0     1     0     0     0     0     0     0     0     0     0     0     0     0     0     0     0     0     0     0     0     0     0     0     0     0     0     0     0     0     0     0     0     0     0     0     0     0     0     0     0     0     0     0     0     0     0     0     0     0     0     0     0     0     0     0     0     0 
    0     0     0     0     0     0     0     0     0     0     0     0     0     0     0     0     0     0     0     0     0     0     0     0     0     0     0     0     0     0     0     0     0     0     0     0     0     0     0     0     0     0     0     0     0     0     0     0     0     0     0     0     0     0     0     0     0     0     0     0 
    0     0     0     0     0     0     0     0     0     0     0     0     0     0     0     0     0     0     0     0     0     0     0     0     0     0     0     0     0     0     0     0     0     0     0     0     0     0     0     0     0     0     0     0     0     0     0     0     0     0     0     0     0     0     0     0     0     0     0     0 
    0     0     0     0     0     0     0     0     0     0     0     1     1     0     0     0     0     0     0     0     0     0     0     0     0     0     0     0     0     0     0     0     0     0     0     0     0     0     0     0     0     0     0     0     0     0     0     0     0     0    97     0     0     0     0     0     0     0     0     0 
    0     0     0     0     0     0     0     0     0     0     0     0     0     0     0     0     0     0     0     0     0     0     0     0     0     0     0     0     0     0     0     0     0     0     0     0     0     0     0     0     0     0     0     0     0     0     0     0     0     0     0     0     0     0     0     0     0     0     0     0 
    0     0     0     0     0     0     0     0     0     0     0     0     0     0     0     0     0     0     0     0     0     0     0     0     0     0     0     0     0     0     0     0     0     0     0     0     0     0     0     0     0     0     0     0     0     0     0     0     0     0     0     0     0     0     0     0     0     0     0     0 
    0     0     0     1     0     0     0     0     0     2     0     0     0     0     0     0     0     0     0     0     0     0     0     0     1     0     0     0     0     0     0     0     0     0     0     1     0     0     0     0     0     0     0     0     0     0     0     0     0     0     1     0     0     1     0     0     0     0     0     0 
    0     0     0     0     0     0     0     0     0     0     0     2     0     0     2     0     0     0     0     0     0     0     0     0     0     0     0     0     0     0     0     0     0     0     0     0     0     0     0     0     0     0     0     0     0     0     0     0     0     0     0     0     0     0     0     0     0     0     0     0 
    0     0     0     0     0     0     0     0     0     0     0     0     0     0     0     0     0     0     0     0     0     0     0     0     0     0     0     0     0     0     0     0     0     0     0     0     0     0     0     0     0     0     0     0     0     0     0     0     0     0     0     0     0     0     0     0     0     0     0     0 
    0     0     0     0     0     0     0     0     0     0     0     0     0     0     0     0     0     0     0     0     0     0     0     0     0     0     0     0     0     0     1     0     0     0     0     0     0     0     0     0     0     0     0     0     0     0     0     0     0     0     0     0     0     0     0     0     0     0     0     0 
    0     0     0     0     0     0     0     0     0     0     0     0     0     0     0     0     0     0     0     0     0     0     0     0     0     0     0     0     0     0     0     0     0     0     0     0     0     0     0     0     0     0     0     0     0     0     0     0     0     0     0     0     0     0     0     0     0     0     0     0 
    0     0     0     0     0     0     0     0     0     0     0     0     0     0     0     0     0     0     0     0     0     0     0     0     0     0     0     0     0     0     0     0     0     0     0     0     0     0     0     0     0     0     0     0     0     0     0     0     0     0     0     0     0     0     0     0     0     0     0     0 
    0     0     0     0     0     0     0     0     0     0     0     0     0     0     0     0     0     0     0     0     0     0     0     0     0     0     0     0     0     0     0     0     0     0     0     0     0     0     0     0     0     0     0     0     0     0     0     0     0     0     0     0     0     0     0     0     0     0     0     0 

Recall for each tag : 
DEM  :  0.8720173535791758
NNP  :  0.5751932536893886
SNNP  :  0
PSP  :  0.8767752715121137
SPSP  :  0
INTF  :  0.8076923076923077
SINTF  :  0
JJ  :  0.6632177961717538
SJJ  :  0
NN  :  0.6937752402172399
SNN  :  0
QC  :  0.7942664418212478
VM  :  0.7765577820477628
SYM  :  0.9929752066115702
PRP  :  0.8583086053412463
SPRP  :  0
NNC  :  0.3689776733254994
SVM  :  0
VAUX  :  0.9648014440433214
SVAUX  :  0
SQC  :  0
CC  :  0.9379363847944143
SNNC  :  0
NNPC  :  0.6331658291457286
NST  :  0.892
SNST  :  0
SNNPC  :  0
RP  :  0.7946611909650924
SRP  :  0
NSTC  :  0
QF  :  0.8357142857142857
JJC  :  0.16666666666666666
WQ  :  0.6190476190476191
SWQ  :  0
SCC  :  0
NEG  :  0.9105263157894737
SNEG  :  0
SDEM  :  0
RB  :  0.48148148148148145
RDP  :  0.5
SRDP  :  0
SQF  :  0
RBC  :  0
SRBC  :  0
QO  :  0.5087719298245614
SQO  :  0
SRB  :  0
CCC  :  0
SCCC  :  0
SNSTC  :  0
QCC  :  0.9797979797979798
SQCC  :  0
SJJC  :  0
UNK  :  0.14285714285714285
PRPC  :  0
SPRPC  :  0
QFC  :  0
SQFC  :  0
SUNK  :  0
INJ  :  0

Precision for each tag : 
DEM  :  0.6790540540540541
NNP  :  0.8044226044226044
SNNP  :  0
PSP  :  0.945069788383611
SPSP  :  0
INTF  :  0.3888888888888889
SINTF  :  0
JJ  :  0.8103666245259166
SJJ  :  0
NN  :  0.8981431404362719
SNN  :  0
QC  :  0.34683357879234167
VM  :  0.8826833073322933
SYM  :  0.9979235880398671
PRP  :  0.9131807419100236
SPRP  :  0
NNC  :  0.533106960950764
SVM  :  0
VAUX  :  0.8058801356954391
SVAUX  :  0
SQC  :  0
CC  :  0.6133942161339422
SNNC  :  0
NNPC  :  0.5469343461747151
NST  :  0.9272349272349273
SNST  :  0
SNNPC  :  0
RP  :  0.8580931263858093
SRP  :  0
NSTC  :  0
QF  :  0.7428571428571429
JJC  :  0.21621621621621623
WQ  :  0.38235294117647056
SWQ  :  0
SCC  :  0
NEG  :  0.5274390243902439
SNEG  :  0
SDEM  :  0
RB  :  0.8333333333333334
RDP  :  0.045454545454545456
SRDP  :  0
SQF  :  0
RBC  :  0
SRBC  :  0
QO  :  0.4915254237288136
SQO  :  0
SRB  :  0
CCC  :  0
SCCC  :  0
SNSTC  :  0
QCC  :  0.06993511175198269
SQCC  :  0
SJJC  :  0
UNK  :  0.025
PRPC  :  0
SPRPC  :  0
QFC  :  0
SQFC  :  0
SUNK  :  0
INJ  :  0

F-measure for each tag : 
DEM  :  0.7635327635327636
NNP  :  0.6707641876664617
SNNP  :  0
PSP  :  0.9096424702058505
SPSP  :  0
INTF  :  0.525
SINTF  :  0
JJ  :  0.7294452347083927
SJJ  :  0
NN  :  0.7828409805153992
SNN  :  0
QC  :  0.48282931829830855
VM  :  0.8262266355140188
SYM  :  0.9954432477216238
PRP  :  0.8848948374760994
SPRP  :  0
NNC  :  0.43611111111111117
SVM  :  0
VAUX  :  0.8782090778393922
SVAUX  :  0
SQC  :  0
CC  :  0.741717791411043
SNNC  :  0
NNPC  :  0.5868995633187772
NST  :  0.90927624872579
SNST  :  0
SNNPC  :  0
RP  :  0.8251599147121534
SRP  :  0
NSTC  :  0
QF  :  0.7865546218487394
JJC  :  0.18823529411764706
WQ  :  0.4727272727272727
SWQ  :  0
SCC  :  0
NEG  :  0.667953667953668
SNEG  :  0
SDEM  :  0
RB  :  0.6103286384976525
RDP  :  0.08333333333333334
SRDP  :  0
SQF  :  0
RBC  :  0
SRBC  :  0
QO  :  0.5
SQO  :  0
SRB  :  0
CCC  :  0
SCCC  :  0
SNSTC  :  0
QCC  :  0.13055181695827725
SQCC  :  0
SJJC  :  0
UNK  :  0.0425531914893617
PRPC  :  0
SPRPC  :  0
QFC  :  0
SQFC  :  0
SUNK  :  0
INJ  :  0

F1-Score :  0.505163630221178

Micro Measures : 
Recall :  0.7793113180920124
Precision :  0.7793113180920124
F-measure :  0.7793113180920124

Macro Measures : 
Recall :  0.8021447819153213
Precision :  0.6947874440122827
F-measure :  0.7446163735427387
['सलेमपुर', 'तेरा', 'बांगर', 'कन्नौज', ',', 'कन्नौज', ',', 'उत्तर', 'प्रदेश', 'स्थित', 'एक', 'गांव', 'है', '.']
['QCC', 'QCC', 'QCC', 'QCC', 'SYM', 'NNP', 'SYM', 'NNPC', 'NNP', 'JJ', 'QC', 'NN', 'VM', 'SYM']
