
यह एशिया की सबसे बड़ी मस्जिदों में से एक है । 
यह एशिय क सबस बड़ मस्जिद म स एक है । 
31473 35430
Test Accuracy :  0.8883149872988992

Confusion Matrix : 
DEM    438     0     0     0     0     0     0     0     0    22     0     0     0     0     0     0     0     0     0     0     0     0     0     0     0     0     1     0     0     0     0 
NNP     40  2127    10     8    11   242    74    50     3    14    25    23     9    94     8     6    10     4     7     2    15     7    10     2     0    12    30     2     1     0     0 
PSP      0     0  7031     3    10    74     4    15     0     2     1     5     6     6     3     7     0     0     1     0     0     1     0     0     0     0    13     0     0     0     0 
INTF     0     0     0    23     0     0     0     0     0     0     0     0     0     0     0     0     0     3     0     0     0     0     0     0     0     0     0     0     0     0     0 
JJ      24     1     9    10  1599    11    30    44     1     3    36     8     7    41     8     2     0     3     8     1    34     1    11     1     0     2    36     1     1     0     0 
NN       8   326    20    40    64  6020    55   118     5     7    72    29     9   105    32    15     4     6    25     4    70     5    43     2     1     8    77    11     0     0     0 
QC      10     7    10     2     2    18   494     2     0     1     0     0     0     2     0     0     0     0     1     0     7     0     0     0     0     1    36     0     0     0     0 
VM       3    14    10     5    12    25    27  3285     0     2     1   182     1     4     5     8     1     3     3     1    18     3     1     0     0     0    26     0     2     1     0 
SYM      0     0     0     1     0     0     1     4  2400     1     0     0     0     0     0     0     0     0     0     0     1     1     1     0     0     1     6     0     0     0     3 
PRP     28     2     1     2     2     3     1     4     0  1273     0     2    12     3     0     1     0     6     0     0     1     0     2     0     0     1     4     0     0     0     0 
NNC     10     7     8     0    28    56    36    20     2     2   498    13     9   102     1     2     3     0    13     1     0     0    17     0     0     0    22     0     0     0     1 
VAUX     0     0     2     0     0     0     1    29     0     0     0  2179     3     0     0     0     0     0     0     0     1     0     0     0     0     0     1     0     0     0     0 
CC       0     0     5     1     0     0     0     0     0     1     0     0  1272     4     0     1     0     2     0     0     0     0     0     0     0     2     1     0     0     0     0 
NNPC    17    75    15     2    24    22    53    25     1     4    57     3    10  1180     0     2     1     2     8     3     6     1    15     0     0     5    57     0     0     0     4 
NST      0     1     0     0     5     0     0     2     0     0     0     0     0     4   484     1     0     1     0     0     1     0     0     0     0     0     1     0     0     0     0 
RP       0     9    10     1     0     0     0     7     0     0     1     0    10     1     0   440     0     0     0     0     1     2     1     0     0     2     2     0     0     0     0 
NSTC     0     0     0     0     0     0     0     0     0     0     0     0     0     0     0     0     2     0     0     0     0     0     0     0     0     0     0     0     0     0     0 
QF       1     1     0     1     1     2     0     6     0     2     1     0     3     0     0     0     0   260     0     1     0     0     0     0     0     0     1     0     0     0     0 
JJC      0     0     0     2     4    11     0     4     0     0     2     1     0     3     0     0     0     0    15     0     0     0     1     0     0     0     5     0     0     0     0 
WQ       1     0     0     0     0     0     0     0     0     0     0     0     0     0     0     0     0     0     0    20     0     0     0     0     0     0     0     0     0     0     0 
NEG      0     0     0     0     0     0     0     0     0     0     0     0     0     1     0     1     0     0     0     0   188     0     0     0     0     0     0     0     0     0     0 
RB       3     2     1     2     2     2     2     3     0     6     1     0     1     2     1     3     0     1     1     0     1    97     1     0     0     0     3     0     0     0     0 
RDP      0     0     1     0     1     0     1     0     0     2     0     0     0     1     0     0     0     0     0     1     0     0     8     0     0     0     1     0     0     0     0 
RBC      0     0     0     1     0     0     0     0     0     0     0     0     0     0     0     0     0     0     0     0     0     0     0     0     0     0     0     0     0     0     0 
QO       2     1     0     0     0     0     0     0     0     1     0     0     0     3     7     0     0     0     0     0     0     0     0     0    42     0     1     0     0     0     0 
CCC      0     0     0     0     0     0     0     0     0     0     0     0     0     0     0     0     0     0     0     0     0     0     0     0     0     1     0     0     0     0     0 
QCC      0     0     0     0     0     0     1     0     0     0     0     0     0     1     0     0     0     0     0     0     0     0     0     0     0     0    97     0     0     0     0 
UNK      1     0     0     0     2     0     0     0     0     0     1     0     0     1     1     0     0     0     0     0     0     0     0     0     0     0     1     0     0     0     0 
PRPC     0     0     0     1     0     0     2     0     0     1     0     0     0     0     0     0     0     0     0     0     0     0     0     0     0     0     0     0     0     0     0 
QFC      0     0     0     0     0     0     0     0     0     0     0     0     0     0     0     0     0     1     0     0     0     0     0     0     0     0     0     0     0     0     0 
INJ      0     0     0     0     0     0     0     0     0     0     0     0     0     0     0     0     0     0     0     0     0     0     0     0     0     0     0     0     0     0     0 

Recall for each tag : 
DEM  :  0.9501084598698482
NNP  :  0.747364722417428
PSP  :  0.978975215817321
INTF  :  0.8846153846153846
JJ  :  0.827211588204863
NN  :  0.8383233532934131
QC  :  0.8330522765598651
VM  :  0.9017293439472962
SYM  :  0.9917355371900827
PRP  :  0.9443620178041543
NNC  :  0.5851938895417156
VAUX  :  0.9833032490974729
CC  :  0.9868114817688131
NNPC  :  0.7412060301507538
NST  :  0.968
RP  :  0.9034907597535934
NSTC  :  1.0
QF  :  0.9285714285714286
JJC  :  0.3125
WQ  :  0.9523809523809523
NEG  :  0.9894736842105263
RB  :  0.7185185185185186
RDP  :  0.5
RBC  :  0
QO  :  0.7368421052631579
CCC  :  1.0
QCC  :  0.9797979797979798
UNK  :  0
PRPC  :  0
QFC  :  0
INJ  :  0

Precision for each tag : 
DEM  :  0.7474402730375427
NNP  :  0.8266614846482705
PSP  :  0.9857002663675872
INTF  :  0.21904761904761905
JJ  :  0.9049235993208828
NN  :  0.9281529448041936
QC  :  0.6317135549872123
VM  :  0.9079601990049752
SYM  :  0.9950248756218906
PRP  :  0.9471726190476191
NNC  :  0.7155172413793104
VAUX  :  0.8912065439672802
CC  :  0.9408284023668639
NNPC  :  0.7573812580231065
NST  :  0.88
RP  :  0.8997955010224948
NSTC  :  0.09523809523809523
QF  :  0.8904109589041096
JJC  :  0.18292682926829268
WQ  :  0.5882352941176471
NEG  :  0.5465116279069767
RB  :  0.8220338983050848
RDP  :  0.07207207207207207
RBC  :  0
QO  :  0.9767441860465116
CCC  :  0.02857142857142857
QCC  :  0.22985781990521326
UNK  :  0
PRPC  :  0
QFC  :  0
INJ  :  0

F-measure for each tag : 
DEM  :  0.836676217765043
NNP  :  0.7850156855508396
PSP  :  0.9823262312259867
INTF  :  0.35114503816793885
JJ  :  0.8643243243243243
NN  :  0.880954123070169
QC  :  0.7185454545454546
VM  :  0.9048340448973972
SYM  :  0.9933774834437086
PRP  :  0.9457652303120356
NNC  :  0.6438267614738203
VAUX  :  0.934992490881785
CC  :  0.9632714880726998
NNPC  :  0.7492063492063491
NST  :  0.9219047619047619
RP  :  0.901639344262295
NSTC  :  0.17391304347826084
QF  :  0.9090909090909091
JJC  :  0.23076923076923075
WQ  :  0.7272727272727274
NEG  :  0.7041198501872659
RB  :  0.7667984189723321
RDP  :  0.12598425196850394
RBC  :  0
QO  :  0.8399999999999999
CCC  :  0.05555555555555556
QCC  :  0.37236084452975043
UNK  :  0
PRPC  :  0
QFC  :  0
INJ  :  0

Micro Measures : 
Recall :  0.8883149872988992
Precision :  0.8883149872988992
F-measure :  0.8883149872988991

Macro Measures : 
Recall :  0.715598967057244
Precision :  0.5681009223542671
F-measure :  0.6333761287575534
