31393 35430
[[438, 0, 0, 0, 0, 0, 0, 0, 0, 22, 0, 0, 0, 0, 0, 0, 0, 0, 0, 0, 0, 0, 0, 0, 0, 0, 1, 0, 0, 0, 0], [40, 2126, 10, 8, 11, 244, 73, 48, 3, 14, 25, 23, 9, 95, 8, 6, 10, 4, 7, 2, 13, 7, 10, 2, 0, 14, 31, 2, 1, 0, 0], [0, 0, 7030, 3, 10, 74, 4, 15, 0, 2, 1, 5, 6, 6, 3, 7, 0, 0, 1, 0, 0, 1, 0, 0, 0, 0, 14, 0, 0, 0, 0], [0, 0, 0, 23, 0, 0, 0, 0, 0, 0, 0, 0, 0, 0, 0, 0, 0, 3, 0, 0, 0, 0, 0, 0, 0, 0, 0, 0, 0, 0, 0], [24, 1, 8, 9, 1596, 9, 33, 44, 0, 3, 35, 8, 7, 43, 8, 2, 0, 3, 8, 1, 34, 1, 10, 1, 0, 4, 39, 1, 1, 0, 0], [10, 337, 17, 42, 65, 5987, 57, 119, 5, 8, 71, 31, 10, 106, 35, 20, 4, 6, 26, 5, 68, 5, 42, 2, 1, 11, 80, 11, 0, 0, 0], [10, 7, 10, 2, 2, 18, 492, 2, 0, 1, 0, 0, 0, 4, 0, 0, 0, 0, 1, 0, 7, 0, 0, 0, 0, 1, 36, 0, 0, 0, 0], [4, 17, 11, 5, 8, 27, 27, 3257, 0, 2, 1, 186, 1, 4, 5, 8, 1, 5, 6, 1, 26, 3, 2, 0, 0, 3, 30, 0, 2, 1, 0], [0, 0, 0, 1, 0, 0, 1, 4, 2400, 1, 0, 0, 0, 0, 0, 0, 0, 0, 0, 0, 1, 1, 1, 0, 0, 1, 6, 0, 0, 0, 3], [28, 2, 1, 2, 2, 3, 1, 4, 0, 1272, 0, 2, 12, 3, 0, 1, 0, 6, 0, 0, 1, 0, 2, 0, 0, 1, 5, 0, 0, 0, 0], [10, 7, 7, 0, 27, 56, 35, 20, 2, 1, 499, 13, 9, 104, 1, 2, 3, 0, 13, 1, 0, 0, 17, 0, 0, 0, 23, 0, 0, 0, 1], [0, 0, 2, 0, 0, 0, 1, 36, 0, 0, 0, 2171, 3, 0, 0, 0, 1, 0, 0, 0, 1, 0, 0, 0, 0, 0, 1, 0, 0, 0, 0], [0, 0, 5, 1, 0, 0, 0, 0, 0, 1, 0, 0, 1270, 5, 0, 1, 0, 2, 0, 0, 0, 0, 0, 0, 0, 3, 1, 0, 0, 0, 0], [17, 74, 14, 2, 24, 21, 55, 25, 1, 4, 56, 3, 10, 1178, 0, 2, 2, 2, 8, 3, 5, 0, 15, 1, 0, 8, 58, 0, 0, 0, 4], [0, 1, 0, 0, 5, 0, 0, 2, 0, 0, 0, 0, 0, 4, 484, 1, 0, 1, 0, 0, 1, 0, 0, 0, 0, 0, 1, 0, 0, 0, 0], [0, 9, 10, 1, 0, 0, 0, 7, 0, 0, 1, 0, 10, 1, 0, 440, 0, 0, 0, 0, 1, 2, 1, 0, 0, 2, 2, 0, 0, 0, 0], [0, 0, 0, 0, 0, 0, 0, 0, 0, 0, 0, 0, 0, 0, 0, 0, 2, 0, 0, 0, 0, 0, 0, 0, 0, 0, 0, 0, 0, 0, 0], [1, 1, 0, 1, 1, 2, 1, 6, 0, 2, 1, 0, 3, 0, 0, 0, 0, 259, 0, 1, 0, 0, 0, 0, 0, 0, 1, 0, 0, 0, 0], [0, 0, 0, 2, 4, 11, 0, 4, 0, 0, 2, 1, 0, 2, 0, 0, 0, 0, 15, 0, 0, 0, 1, 0, 0, 0, 6, 0, 0, 0, 0], [1, 0, 0, 0, 0, 0, 0, 0, 0, 0, 0, 0, 0, 0, 0, 0, 0, 0, 0, 20, 0, 0, 0, 0, 0, 0, 0, 0, 0, 0, 0], [0, 0, 0, 0, 0, 0, 0, 0, 0, 0, 0, 0, 0, 1, 0, 0, 0, 0, 0, 0, 189, 0, 0, 0, 0, 0, 0, 0, 0, 0, 0], [3, 2, 1, 2, 2, 2, 2, 3, 0, 6, 1, 0, 1, 2, 1, 3, 0, 1, 1, 0, 1, 97, 1, 0, 0, 0, 3, 0, 0, 0, 0], [0, 0, 1, 0, 1, 0, 1, 0, 0, 2, 0, 0, 0, 1, 0, 0, 0, 0, 0, 1, 0, 0, 8, 0, 0, 0, 1, 0, 0, 0, 0], [0, 0, 0, 1, 0, 0, 0, 0, 0, 0, 0, 0, 0, 0, 0, 0, 0, 0, 0, 0, 0, 0, 0, 0, 0, 0, 0, 0, 0, 0, 0], [2, 1, 0, 0, 0, 0, 1, 0, 0, 1, 0, 0, 0, 2, 7, 0, 0, 0, 0, 0, 0, 0, 0, 0, 42, 0, 1, 0, 0, 0, 0], [0, 0, 0, 0, 0, 0, 0, 0, 0, 0, 0, 0, 0, 0, 0, 0, 0, 0, 0, 0, 0, 0, 0, 0, 0, 1, 0, 0, 0, 0, 0], [0, 0, 0, 0, 0, 0, 1, 0, 0, 0, 0, 0, 0, 1, 0, 0, 0, 0, 0, 0, 0, 0, 0, 0, 0, 0, 97, 0, 0, 0, 0], [1, 0, 0, 0, 2, 0, 0, 0, 0, 0, 1, 0, 0, 1, 1, 0, 0, 0, 0, 0, 0, 0, 0, 0, 0, 0, 1, 0, 0, 0, 0], [0, 0, 0, 1, 0, 0, 2, 0, 0, 1, 0, 0, 0, 0, 0, 0, 0, 0, 0, 0, 0, 0, 0, 0, 0, 0, 0, 0, 0, 0, 0], [0, 0, 0, 0, 0, 0, 0, 0, 0, 0, 0, 0, 0, 0, 0, 0, 0, 1, 0, 0, 0, 0, 0, 0, 0, 0, 0, 0, 0, 0, 0], [0, 0, 0, 0, 0, 0, 0, 0, 0, 0, 0, 0, 0, 0, 0, 0, 0, 0, 0, 0, 0, 0, 0, 0, 0, 0, 0, 0, 0, 0, 0]]
Test Accuracy :  0.8860570138300875
31393 35430

Confusion Matrix : 
  438     0     0     0     0     0     0     0     0    22     0     0     0     0     0     0     0     0     0     0     0     0     0     0     0     0     1     0     0     0     0 
   40  2126    10     8    11   244    73    48     3    14    25    23     9    95     8     6    10     4     7     2    13     7    10     2     0    14    31     2     1     0     0 
    0     0  7030     3    10    74     4    15     0     2     1     5     6     6     3     7     0     0     1     0     0     1     0     0     0     0    14     0     0     0     0 
    0     0     0    23     0     0     0     0     0     0     0     0     0     0     0     0     0     3     0     0     0     0     0     0     0     0     0     0     0     0     0 
   24     1     8     9  1596     9    33    44     0     3    35     8     7    43     8     2     0     3     8     1    34     1    10     1     0     4    39     1     1     0     0 
   10   337    17    42    65  5987    57   119     5     8    71    31    10   106    35    20     4     6    26     5    68     5    42     2     1    11    80    11     0     0     0 
   10     7    10     2     2    18   492     2     0     1     0     0     0     4     0     0     0     0     1     0     7     0     0     0     0     1    36     0     0     0     0 
    4    17    11     5     8    27    27  3257     0     2     1   186     1     4     5     8     1     5     6     1    26     3     2     0     0     3    30     0     2     1     0 
    0     0     0     1     0     0     1     4  2400     1     0     0     0     0     0     0     0     0     0     0     1     1     1     0     0     1     6     0     0     0     3 
   28     2     1     2     2     3     1     4     0  1272     0     2    12     3     0     1     0     6     0     0     1     0     2     0     0     1     5     0     0     0     0 
   10     7     7     0    27    56    35    20     2     1   499    13     9   104     1     2     3     0    13     1     0     0    17     0     0     0    23     0     0     0     1 
    0     0     2     0     0     0     1    36     0     0     0  2171     3     0     0     0     1     0     0     0     1     0     0     0     0     0     1     0     0     0     0 
    0     0     5     1     0     0     0     0     0     1     0     0  1270     5     0     1     0     2     0     0     0     0     0     0     0     3     1     0     0     0     0 
   17    74    14     2    24    21    55    25     1     4    56     3    10  1178     0     2     2     2     8     3     5     0    15     1     0     8    58     0     0     0     4 
    0     1     0     0     5     0     0     2     0     0     0     0     0     4   484     1     0     1     0     0     1     0     0     0     0     0     1     0     0     0     0 
    0     9    10     1     0     0     0     7     0     0     1     0    10     1     0   440     0     0     0     0     1     2     1     0     0     2     2     0     0     0     0 
    0     0     0     0     0     0     0     0     0     0     0     0     0     0     0     0     2     0     0     0     0     0     0     0     0     0     0     0     0     0     0 
    1     1     0     1     1     2     1     6     0     2     1     0     3     0     0     0     0   259     0     1     0     0     0     0     0     0     1     0     0     0     0 
    0     0     0     2     4    11     0     4     0     0     2     1     0     2     0     0     0     0    15     0     0     0     1     0     0     0     6     0     0     0     0 
    1     0     0     0     0     0     0     0     0     0     0     0     0     0     0     0     0     0     0    20     0     0     0     0     0     0     0     0     0     0     0 
    0     0     0     0     0     0     0     0     0     0     0     0     0     1     0     0     0     0     0     0   189     0     0     0     0     0     0     0     0     0     0 
    3     2     1     2     2     2     2     3     0     6     1     0     1     2     1     3     0     1     1     0     1    97     1     0     0     0     3     0     0     0     0 
    0     0     1     0     1     0     1     0     0     2     0     0     0     1     0     0     0     0     0     1     0     0     8     0     0     0     1     0     0     0     0 
    0     0     0     1     0     0     0     0     0     0     0     0     0     0     0     0     0     0     0     0     0     0     0     0     0     0     0     0     0     0     0 
    2     1     0     0     0     0     1     0     0     1     0     0     0     2     7     0     0     0     0     0     0     0     0     0    42     0     1     0     0     0     0 
    0     0     0     0     0     0     0     0     0     0     0     0     0     0     0     0     0     0     0     0     0     0     0     0     0     1     0     0     0     0     0 
    0     0     0     0     0     0     1     0     0     0     0     0     0     1     0     0     0     0     0     0     0     0     0     0     0     0    97     0     0     0     0 
    1     0     0     0     2     0     0     0     0     0     1     0     0     1     1     0     0     0     0     0     0     0     0     0     0     0     1     0     0     0     0 
    0     0     0     1     0     0     2     0     0     1     0     0     0     0     0     0     0     0     0     0     0     0     0     0     0     0     0     0     0     0     0 
    0     0     0     0     0     0     0     0     0     0     0     0     0     0     0     0     0     1     0     0     0     0     0     0     0     0     0     0     0     0     0 
    0     0     0     0     0     0     0     0     0     0     0     0     0     0     0     0     0     0     0     0     0     0     0     0     0     0     0     0     0     0     0 

Recall for each tag : 
DEM  :  0.9501084598698482
NNP  :  0.7470133520730851
PSP  :  0.9788359788359788
INTF  :  0.8846153846153846
JJ  :  0.8256595964821521
NN  :  0.8337278930511071
QC  :  0.8296795952782462
VM  :  0.8940433708482021
SYM  :  0.9917355371900827
PRP  :  0.9436201780415431
NNC  :  0.5863689776733255
VAUX  :  0.9796931407942239
CC  :  0.9852598913886734
NNPC  :  0.7399497487437185
NST  :  0.968
RP  :  0.9034907597535934
NSTC  :  1.0
QF  :  0.925
JJC  :  0.3125
WQ  :  0.9523809523809523
NEG  :  0.9947368421052631
RB  :  0.7185185185185186
RDP  :  0.5
RBC  :  0
QO  :  0.7368421052631579
CCC  :  1.0
QCC  :  0.9797979797979798
UNK  :  0
PRPC  :  0
QFC  :  0
INJ  :  0

Precision for each tag : 
DEM  :  0.7436332767402377
NNP  :  0.8224371373307543
PSP  :  0.986389785323418
INTF  :  0.2169811320754717
JJ  :  0.9068181818181819
NN  :  0.9276417725441587
QC  :  0.625158831003812
VM  :  0.9057285873192435
SYM  :  0.9954375777685608
PRP  :  0.9471332836932241
NNC  :  0.7190201729106628
VAUX  :  0.888661481784691
CC  :  0.9400444115470022
NNPC  :  0.7536788227767115
NST  :  0.8752260397830018
RP  :  0.8924949290060852
NSTC  :  0.08695652173913043
QF  :  0.8839590443686007
JJC  :  0.1744186046511628
WQ  :  0.5714285714285714
NEG  :  0.5431034482758621
RB  :  0.8290598290598291
RDP  :  0.07272727272727272
RBC  :  0
QO  :  0.9767441860465116
CCC  :  0.02040816326530612
QCC  :  0.22146118721461186
UNK  :  0
PRPC  :  0
QFC  :  0
INJ  :  0

F-measure for each tag : 
DEM  :  0.8342857142857143
NNP  :  0.7829129073835388
PSP  :  0.982598364665595
INTF  :  0.34848484848484845
JJ  :  0.8643379366368806
NN  :  0.8781811514484782
QC  :  0.7130434782608696
VM  :  0.8998480453101256
SYM  :  0.9935831090871456
PRP  :  0.9453734671125975
NNC  :  0.6459546925566343
VAUX  :  0.9319596479931316
CC  :  0.962121212121212
NNPC  :  0.7467511885895404
NST  :  0.9192782526115859
RP  :  0.8979591836734694
NSTC  :  0.16
QF  :  0.9040139616055847
JJC  :  0.22388059701492538
WQ  :  0.7142857142857142
NEG  :  0.7026022304832714
RB  :  0.7698412698412699
RDP  :  0.12698412698412698
RBC  :  0
QO  :  0.8399999999999999
CCC  :  0.039999999999999994
QCC  :  0.3612662942271881
UNK  :  0
PRPC  :  0
QFC  :  0
INJ  :  0

F1-Score :  0.8054194858423473

Micro Measures : 
Recall :  0.8860570138300875
Precision :  0.8860570138300875
F-measure :  0.8860570138300875

Macro Measures : 
Recall :  1.0073444664865925
Precision :  0.7966705569182764
F-measure :  0.8897062016809052
